before <- c(36.2, 36.9, 35.3, 36.4, 36.0)
after <- c(36.2, 36.5, 36.3, 37.1, 36.7)